HUMAN (efficient frontier at 1st level)
---------------------------------
+3 +3 +3 -1 -1 -1
+3 +3 +2 +1  0 -1
+3 +3 +2  0  0  0
+3 +3 +1 +1 +1 -1
+3 +3 +1 +1  0  0
+3 +2 +2 +2 +1 -1  ***
+3 +2 +2 +2  0  0
+3 +2 +2 +1 +1  0
+2 +2 +2 +2 +2  0
+2 +2 +2 +2 +1 +1



9 X X X X X                               HUM               VAR
===========================================================================
9 9 9 0 0 0    15 15 15  8  8  8   *16 16 16  9  9  9    16 16 15  8  8  8

9 9 7 2 0 0    15 15 14 10  8  8    16 16 15 11  9  9   *16 16 14 10  8  8
9 9 7 1 1 0    15 15 14  9  9  8    16 16 15 10 10  8    16 16 14  9  9  8

9 9 5 4 0 0    15 15 13 12  8  8    16 16 14 13  9  9   *16 16 13 12  8  8
9 9 5 3 1 0    15 15 13 11  9  8   *16 16 14 12 10  8    16 16 13 11  9  8
9 9 5 2 2 0    15 15 13 10 10  8    16 16 14 11 11  9   *16 16 13 10 10  8
9 9 5 2 1 1    15 15 13 10  9  9   *16 16 14 11 10 10    16 16 13 10  9  9

9 9 4 4 1 0    15 15 12 12  9  8    16 16 13 13 10  9     16 16 12 12  9  8
9 9 4 3 2 0    15 15 12 11 10  8    16 16 13 12 11  9     16 16 12 11 10  8
9 9 4 3 1 1    15 15 12 11  9  9    16 16 13 12 10 10     16 16 12 11  9  9
9 9 4 2 2 1    15 15 12 10 10  9    16 16 13 11 11 10     16 16 12 10 10  9

9 9 3 3 3 0    15 15 11 11 11  8   *16 16 12 12 12  9     16 16 11 11 11  8
9 9 3 3 2 1    15 15 11 11 10  9   *16 16 12 12 11 10     16 16 11 11 10  9

9 7 7 4 0 0    15 14 14 12  8  8    16 15
9 7 7 3 1 0    15 14 14 11  9  8
9 7 7 2 2 0    15 14 14 10 10  8                     X
9 7 7 2 1 1    15 14 14 10  9  9

9 7 5 5 1 0    15 14 13 13  9  8    16 15
9 7 5 4 2 0    15 14 13 12 10  8
9 7 5 4 1 1    15 14 13 12  9  9                     X
9 7 5 3 3 0    15 14 13 11 11  8
9 7 5 3 2 1    15 14 13 11 10  9

9 7 4 4 3 0    15 14 12 12 11  8    16 15
9 7 4 4 2 1    15 14 12 12 10  9                     X
9 7 4 3 3 1    15 14 12 11 11  9
9 7 4 3 2 2    15 14 12 11 10 10

9 7 3 3 3 2    15 14 11 11 11 10    16 15            X

9 5 5 5 3 0    15 13 13 13 11  8   *16 14 14 14 12  8     16 14 13 13 11  8
9 5 5 5 2 1    15 13 13 13 10  9   *16 14 14 14 11 10     16 14 13 13 10  9
9 5 5 4 4 0    15 13 13 12 12  8    16 14 14 13 13  9    *16 14 13 12 12  8
9 5 5 4 3 1    15 13 13 12 11  9   *16 14 14 13 12 10     16 14 13 12 11  9
9 5 5 4 2 2    15 13 13 12 10 10    16 14 14 13 11 11    *16 14 13 12 10 10
9 5 5 3 3 2    15 13 13 11 11 10    16 14 14 12 12 11     16 14 13 11 11 10

9 5 4 4 4 1    15 13 12 12 12  9    16 14 13 13 13 10     16 14 12 12 12  9
9 5 4 4 3 2    15 13 12 12 11 10    16 14 13 13 12 11    *16 14 12 12 11 10
==============================
7 7 7 5 1 0    14 14 14 13  9  8    15 15
7 7 7 4 2 0    14 14 14 12 10  8
7 7 7 4 1 1    14 14 14 12  9  9                          X
7 7 7 3 3 0    14 14 14 11 11  8
7 7 7 3 2 1    14 14 14 11 10  9
7 7 7 2 2 2    14 14 14 10 10 10

7 7 5 5 3 0    14 14 13 13 11  8
7 7 5 5 2 1    14 14 13 13 10  9
7 7 5 4 4 0    14 14 13 12 12  8
7 7 5 4 3 1    14 14 13 12 11  9
7 7 5 4 2 2    14 14 13 12 10 10
7 7 5 3 3 2    14 14 13 11 11 10

7 7 4 4 4 1    14 14 12 12 12  9
7 7 4 4 3 2    14 14 12 12 11 10
7 7 4 3 3 3    14 14 12 11 11 11

7 5 5 5 5 0    14 13 13 13 13  8                                                   * 16 14 14 13 13 8
7 5 5 5 4 1    14 13 13 13 12  9
7 5 5 5 3 2    14 13 13 13 11 10
7 5 5 4 4 2    14 13 13 12 12 10                                                   * 16 14 14 12 12 10
==================================
5 5 5 5 5 2    13 13 13 13 13 10      *14 14 14 14 14 11   *14 14 13 13 13 10
5 5 5 5 4 3    13 13 13 13 12 11      *14 14 14 14 13 12    14 14 13 13 12 11
5 5 5 5 4 3    13 13 13 12 12 12       14 14 14 13 13 13   *14 14 13 12 12 12
==================================

BASIC
15 15 15  8  8  8
15 15 14 10  8  8
15 15 14  9  9  8
15 15 13 12  8  8


HUMAN
16 16 16  9  9  9     9 + 9 + 9 + 0 + 0 + 0  X
16 16 14 12 10  9     9 + 9 + 5 + 3 + 1 + 0  *
16 16 14 11 10 10     9 + 9 + 5 + 2 + 1 + 1
16 16 12 12 12  9     9 + 9 + 3 + 3 + 3 + 0
16 16 12 12 11 10     9 + 9 + 3 + 3 + 2 + 1
16 14 14 14 12  9     9 + 5 + 5 + 5 + 3 + 0  ***
16 14 14 14 11 10     9 + 5 + 5 + 5 + 2 + 1
14 14 14 14 14 11     5 + 5 + 5 + 5 + 5 + 2  **
'


VARIANT HUMAN (w/o attribute affecting feat)
16 16 14 10  8  8     9 + 9 + 7 + 2 + 0 + 0 (+6)
16 14 14 12 10  8     9 + 5 + 7 + 4 + 2 + 0 (+7)
16 14 14 10 10 10                 2 + 2 + 2 (+7)
14 14 14 14 11  8     5 + 5 + 7 + 7 + 3 + 0 (+7)
14 14 14 14 10  9     5 + 5 + 7 + 7 + 3 + 0 (+7)
14 14 14 12 12 10                 4 + 4 + 2 (+8)
14 14 13 12 12 12           + 5 + 4 + 4 + 4 (+8)

VARIANT HUMAN (w. attribute feat in top 3)
16 16 16  8  8  8     9 + 9 + 9 + 0 + 0 + 0 (+6)
16 16 14 12  8  8     9 + 7 + 7 + 4 + 0 + 0 (+7)
16 16 14 10 10  8     9 + 7 + 7 + 2 + 2 + 0 (+7)
16 14 14 14  9  8     7 + 5 + 7 + 7 + 1 + 0 (+7)
14 14 14 14 12  9     5 + 5 + 5 + 7 + 4 + 1 (+8)
14 14 14 12 12 12     5 + 5 + 5 + 4 + 4 + 4 (+9)

VARIANT HUMAN (attribute feat in bottom 3)
16 16 14 11  8  8             9 9 7 2 0 0
16 16 12 12 10  8             9 9 4 3 2 0
16 16 12 10 10 10             9 9 2 1 2 2
16 14 14 14  9  8             9 5 7 5 1 0
16 14 14 12 11  8                   3 3 0
16 14 14 11 10 10                   2 2 2
14 14 14 14 13  8             5 5 7 5 5 0
14 14 14 14 11 10             5 5 7 5 3 2
14 14 14 12 12 11                   3 4 3
14 14 13 13 12 12             5 5 5 4 4 4
